265619241384
143372966434
332706744445
142884116435
155781827134
145054859754
488410853615
324093216547
102002995576
560309831895
759553645854
101290121993
115278124717
790326913695
502512665495
100328471314
277418837664
239144452574
735482568916
364533273797
101957293374
998286891454
108800061654
357192063594
263424455335
270950443774
771687872444
400512558434
136180888714
434173331884
290000151385
230400996715
929500682365
115736046513
142298459693
648675684275
559872288695
460425675624
124950785645
116448503563
757657698934
382913332394
149557545454
171261981254
113243923864
220646467954
159953264285
162925624745
293553717875
153964875864
104006254933
610829182864
201072041134
310110424314
959616162995
203118233284
408844842414
114444383845
216268828164
612502737996
414172563584
729904096114
742721441554
716400749495
947707673416
409739159725
250821354395
775284233635
784636825594
155952028534
181209618294
307227636147
253616539315
743455885564
531392715275
982600476525
263538825875
201460884544
412988524525
151380782795
177674711795
938825028164
130614449914
218116891554
862617629394
681117374177
388481711998
190023994947
252000037464
338008262276
190662435684
333757487554
186591445235
281689528327
212995841686
107247645784
891156697145
750880624525
701985678764
695934377585
685396845755
280908873435
783370026754
303972358814
127896034444
565939878744
325995628954
185134736996
737280999775
429842791274
483849859196
339968962195
602437593754
342119749954
285500438484
583247665397
940000056634
909532845524
476847821115
155750452434
585446438814
158768396136
308250037924
125339234184
187272635655
462507951436
132843833217
611520926295
835440214615
186050226135
157901488854
264724576195
371209211366
987945645275
135073996547
429810136924
242028494135
127896072374
541235213594
505732568684
818182572284
194392377385
282240082934
107760162183
161302685823
967500771955
112441988194
609430468294
215040018544
228150014644
737002897434
139375883235
465544397214
152928723615
115150677465
227470052864
424937641744
110032097974
584064098924
576738032134
529689688814
556007187434
149410833334
482064318265
144355508563
400078684735
421632289925
733593676394
777568057444
591246823984
389142752274
184342238438
259210084344
219700036834
186340031254
346453228894
525213549765
643862993436
626336075924
117295928913
498178266484
609553851235
193606437994
116388558746
912421819215
215296465145
100509504333
274400629185
157252871574
570409266494
892143527215
346931227564
451980121265
271616481834
218250082364
668023271144
424963654376
156818735684
496375877225
329142588174
